0.999991 0.00104897 -0.00413135 -0.00105851 0.999997 -0.0023081 0.00412891 0.00231246 0.999989 -0.0937435 -0.0567606 1.71627
0.99998 0.00156647 -0.00619857 -0.00158795 0.999993 -0.00346271 0.0061931 0.00347248 0.999975 -0.140643 -0.0851576 2.57496
0.999964 0.00207847 -0.0082635 -0.00211666 0.999987 -0.00461583 0.0082538 0.00463315 0.999955 -0.187486 -0.11352 3.43265
0.999943 0.00258617 -0.0103309 -0.00264588 0.99998 -0.00577016 0.0103158 0.00579717 0.99993 -0.234382 -0.141915 4.29134
0.999918 0.00308836 -0.012396 -0.00317435 0.999971 -0.00692297 0.0123742 0.00696176 0.999899 -0.28122 -0.170274 5.14899
0.999889 0.00358631 -0.0144638 -0.0037034 0.999961 -0.00807719 0.0144343 0.00812985 0.999863 -0.328118 -0.19867 6.00778
0.999855 0.00407871 -0.0165291 -0.00423167 0.999948 -0.00922979 0.0164906 0.0092984 0.999821 -0.374955 -0.227029 6.86548
0.999817 0.00456667 -0.0185965 -0.00476034 0.999935 -0.0103834 0.0185479 0.01047 0.999773 -0.421837 -0.255415 7.72404
0.999774 0.00504987 -0.0206646 -0.00528907 0.999919 -0.0115373 0.0206047 0.011644 0.99972 -0.468733 -0.28381 8.58289
0.999726 0.00552731 -0.0227292 -0.00581678 0.999903 -0.0126891 0.0226569 0.0128178 0.999661 -0.515547 -0.312155 9.44027
0.999675 0.00600054 -0.0247969 -0.00634516 0.999884 -0.0138425 0.024711 0.0139953 0.999597 -0.562431 -0.340542 10.299
0.999618 0.00646877 -0.0268644 -0.00687337 0.999864 -0.0149956 0.0267637 0.0151745 0.999527 -0.609309 -0.368925 11.1576
