0.999925 0.00294263 0.0119221 -0.00300769 0.999981 0.00544272 -0.0119059 -0.00547817 0.999914 -0.0175148 0.0104892 -1.85882
0.999869 0.00330527 0.0158581 -0.00341748 0.999969 0.00705399 -0.0158343 -0.00710726 0.999849 -0.0355229 0.00359949 -2.71904
0.99972 0.00288574 0.0234975 -0.00302919 0.999977 0.00607159 -0.0234795 -0.00614107 0.999705 -0.0788957 0.0239466 -3.57713
0.999643 0.00385392 0.026439 -0.00400009 0.999977 0.00547782 -0.0264173 -0.00558162 0.999635 -0.0838801 0.0301551 -4.43753
0.999549 0.00418115 0.029729 -0.00434713 0.999975 0.00552054 -0.0297052 -0.00564729 0.999543 -0.107585 0.0423529 -5.29651
0.999396 0.00215945 0.0346726 -0.00238821 0.999976 0.00655782 -0.0346576 -0.00663667 0.999377 -0.126261 0.0295378 -6.15675
0.999243 0.00215089 0.0388442 -0.00235339 0.999984 0.00516824 -0.0388325 -0.00525574 0.999232 -0.152509 0.0197239 -7.01574
0.999006 0.00448055 0.0443455 -0.00455065 0.999989 0.00147978 -0.0443383 -0.00168011 0.999015 -0.185266 0.033522 -7.87532
0.998861 0.00643669 0.047275 -0.00636469 0.999978 -0.0016734 -0.0472848 0.0013706 0.998881 -0.223464 0.0509955 -8.73489
0.99886 0.00569297 0.0474032 -0.00565003 0.999983 -0.00103984 -0.0474084 0.000770827 0.998875 -0.205435 0.0566664 -9.59381
0.998651 0.00605559 0.0515661 -0.00602456 0.999982 -0.000757142 -0.0515697 0.000445457 0.998669 -0.274642 0.0651925 -10.4514
0.998405 0.00976949 0.0555991 -0.00977479 0.999952 -0.000176617 -0.0555982 -0.000367134 0.998453 -0.350176 0.0679307 -11.3084
