Value x0: (gtsam::Pose3)
R: [
	0.999991, 0.00104897, -0.00413135;
	-0.00105851, 0.999997, -0.0023081;
	0.00412891, 0.00231246, 0.999989
]
t: -0.0937435 -0.0567606    1.71627

Value x1: (gtsam::Pose3)
R: [
	0.999999, 0.00143772, -0.000198033;
	-0.00143785, 0.999999, -0.000689073;
	0.000197043, 0.000689355, 1
]
t: -0.0979355 -0.0569966   0.855844

Value x2: (gtsam::Pose3)
R: [
	0.999972, 0.00100273, 0.00744466;
	-0.000990424, 0.999998, -0.00165614;
	-0.0074463, 0.00164872, 0.999971
]
t:  -0.127577 -0.0300604 -0.0026476

Value x3: (gtsam::Pose3)
R: [
	0.999944, 0.00196181, 0.0103881;
	-0.0019386, 0.999996, -0.00224388;
	-0.0103924, 0.00222362, 0.999944
]
t:   -0.11877 -0.0171731  -0.862943

Value x4: (gtsam::Pose3)
R: [
	0.999903, 0.00229005, 0.013679;
	-0.00226025, 0.999995, -0.00219433;
	-0.013684, 0.00216321, 0.999904
]
t:  -0.128716 0.00165756   -1.72207

Value x5: (gtsam::Pose3)
R: [
	0.999827, 0.000284488, 0.0186226;
	-0.000263172, 1, -0.00114663;
	-0.0186229, 0.00114152, 0.999826
]
t:   -0.133564 -0.00450476    -2.58257

Value x6: (gtsam::Pose3)
R: [
	0.99974, 0.000253757, 0.0227987;
	-0.000196187, 0.999996, -0.00252729;
	-0.0227993, 0.00252216, 0.999737
]
t:   -0.146008 -0.00768977    -3.44193

Value x7: (gtsam::Pose3)
R: [
	0.999596, 0.00252575, 0.0283101;
	-0.00235101, 0.999978, -0.00620374;
	-0.0283251, 0.00613466, 0.99958
]
t: -0.164999  0.012729  -4.30179

Value x8: (gtsam::Pose3)
R: [
	0.999502, 0.00443271, 0.0312476;
	-0.00414236, 0.999947, -0.00935031;
	-0.0312874, 0.00921623, 0.999468
]
t: -0.189437 0.0368128   -5.1617

Value x9: (gtsam::Pose3)
R: [
	0.9995, 0.0036987, 0.0313746;
	-0.00342677, 0.999957, -0.00871653;
	-0.0314055, 0.00860463, 0.99947
]
t: -0.157642 0.0491938  -6.02015

Value x10: (gtsam::Pose3)
R: [
	0.99936, 0.00406649, 0.0355397;
	-0.00376933, 0.999957, -0.0084245;
	-0.0355724, 0.00828512, 0.999333
]
t: -0.213099 0.0642575  -6.87865

Value x11: (gtsam::Pose3)
R: [
	0.999186, 0.007793, 0.0395745;
	-0.00748858, 0.999941, -0.00783483;
	-0.0396333, 0.00753207, 0.999186
]
t:  -0.27488 0.0735172   -7.7367

Value x12: (gtsam::Pose3)
R: [
	0.999132, 0.00620338, 0.0411895;
	-0.00583018, 0.999941, -0.00917464;
	-0.041244, 0.0089266, 0.999109
]
t: -0.299445 0.0930462  -8.59578

Value x13: (gtsam::Pose3)
R: [
	0.998986, 0.00926569, 0.0440641;
	-0.00879968, 0.999904, -0.0107579;
	-0.0441595, 0.0103591, 0.99897
]
t: -0.387255  0.128991  -9.44635

Value x14: (gtsam::Pose3)
R: [
	0.998904, 0.0058394, 0.0464565;
	-0.00554915, 0.999964, -0.00637429;
	-0.0464921, 0.00610949, 0.9989
]
t: -0.42533 0.115683 -10.3091

Value x15: (gtsam::Pose3)
R: [
	0.998861, 0.0073407, 0.0471552;
	-0.00717298, 0.999968, -0.0037251;
	-0.047181, 0.00338265, 0.998881
]
t: -0.447745  0.105651  -11.1795

Value x16: (gtsam::Pose3)
R: [
	0.998772, 0.00583875, 0.0492004;
	-0.00574648, 0.999982, -0.00201685;
	-0.0492112, 0.0017316, 0.998786
]
t: -0.490139  0.118628    -12.06

Value x17: (gtsam::Pose3)
R: [
	0.998757, 0.00527744, 0.0495717;
	-0.00519386, 0.999984, -0.00181465;
	-0.0495804, 0.00155492, 0.998769
]
t: -0.509309  0.118975  -12.9516

Value x18: (gtsam::Pose3)
R: [
	0.998597, 0.00597629, 0.0526194;
	-0.00577445, 0.999975, -0.00398573;
	-0.052642, 0.00367629, 0.998606
]
t: -0.557239  0.132154  -13.8521

Value x19: (gtsam::Pose3)
R: [
	0.998507, 0.00382232, 0.0544759;
	-0.00350102, 0.999975, -0.00599372;
	-0.0544976, 0.00579402, 0.998497
]
t: -0.635921   0.18292  -14.7534

Value x20: (gtsam::Pose3)
R: [
	0.998433, 0.0077221, 0.0554155;
	-0.00736443, 0.99995, -0.00665529;
	-0.0554642, 0.00623677, 0.998441
]
t: -0.647803  0.180271  -15.6663

Value x21: (gtsam::Pose3)
R: [
	0.998247, 0.0114528, 0.0580559;
	-0.0111295, 0.99992, -0.00588799;
	-0.0581186, 0.0052315, 0.998296
]
t: -0.696954  0.160972  -16.5799

Value x22: (gtsam::Pose3)
R: [
	0.998261, 0.0149017, 0.0570378;
	-0.0146118, 0.999878, -0.00549575;
	-0.0571127, 0.00465272, 0.998357
]
t: -0.681207  0.154745  -17.4982

Value x23: (gtsam::Pose3)
R: [
	0.998189, 0.0152306, 0.058194;
	-0.014812, 0.999862, -0.00761769;
	-0.0583019, 0.0067419, 0.998276
]
t: -0.758133  0.165047  -18.4236

Value x24: (gtsam::Pose3)
R: [
	0.998266, 0.0156103, 0.0567581;
	-0.0149659, 0.999819, -0.0117612;
	-0.0569314, 0.0108914, 0.998318
]
t: -0.80083  0.17972 -19.3588

Value x25: (gtsam::Pose3)
R: [
	0.998366, 0.0124887, 0.0557618;
	-0.0117099, 0.999829, -0.0142725;
	-0.0559305, 0.0135961, 0.998342
]
t: -0.836146  0.195705  -20.2953

Value x26: (gtsam::Pose3)
R: [
	0.998374, 0.0170702, 0.0543967;
	-0.0161549, 0.999722, -0.0172237;
	-0.0546756, 0.0163169, 0.998371
]
t: -0.880449  0.194705  -21.2382

Value x27: (gtsam::Pose3)
R: [
	0.998508, 0.0176142, 0.0516901;
	-0.0166809, 0.999691, -0.018433;
	-0.0519988, 0.0175432, 0.998493
]
t: -0.883967  0.205983   -22.185

Value x28: (gtsam::Pose3)
R: [
	0.998615, 0.0160147, 0.0501332;
	-0.0152125, 0.999751, -0.0163414;
	-0.0503823, 0.0155561, 0.998609
]
t: -0.944231  0.247322  -23.1316

Value x29: (gtsam::Pose3)
R: [
	0.998548, 0.0184265, 0.0506224;
	-0.0179035, 0.999782, -0.0107662;
	-0.0508097, 0.00984424, 0.99866
]
t: -0.996814  0.223659  -24.0832

Value x30: (gtsam::Pose3)
R: [
	0.998676, 0.017186, 0.0484877;
	-0.0168543, 0.999832, -0.0072428;
	-0.048604, 0.00641608, 0.998798
]
t: -1.03501 0.232465 -25.0424

Value x31: (gtsam::Pose3)
R: [
	0.998679, 0.0199024, 0.0473927;
	-0.0195416, 0.999777, -0.00806314;
	-0.0475425, 0.0071264, 0.998843
]
t: -1.04452 0.238817 -26.0123

Value x32: (gtsam::Pose3)
R: [
	0.99874, 0.0208163, 0.0456566;
	-0.0202217, 0.999705, -0.0134466;
	-0.0459231, 0.0125064, 0.998867
]
t: -1.06831 0.283238  -26.988

Value x33: (gtsam::Pose3)
R: [
	0.998644, 0.0245853, 0.0459041;
	-0.0238367, 0.999575, -0.0167845;
	-0.0462972, 0.0156675, 0.998804
]
t: -1.07276 0.292227 -27.9687

Value x34: (gtsam::Pose3)
R: [
	0.998494, 0.0315146, 0.0449093;
	-0.0308001, 0.999389, -0.0165144;
	-0.0454023, 0.0151063, 0.998854
]
t: -1.10566 0.324087 -28.9484

Value x35: (gtsam::Pose3)
R: [
	0.998358, 0.0347666, 0.0455263;
	-0.0342055, 0.999329, -0.0130455;
	-0.0459494, 0.0114668, 0.998878
]
t: -1.11574 0.330909 -29.9288

Value x36: (gtsam::Pose3)
R: [
	0.998227, 0.0361, 0.0473187;
	-0.0357224, 0.999323, -0.00880107;
	-0.0476044, 0.00709511, 0.998841
]
t: -1.16151 0.339363 -30.9135

Value x37: (gtsam::Pose3)
R: [
	0.9982, 0.0349765, 0.0487194;
	-0.0346135, 0.999367, -0.00827584;
	-0.048978, 0.00657462, 0.998778
]
t: -1.20443   0.3697 -31.9256

Value x38: (gtsam::Pose3)
R: [
	0.998347, 0.0307851, 0.0485382;
	-0.0303965, 0.9995, -0.00872463;
	-0.0487825, 0.00723484, 0.998783
]
t: -1.22892 0.414598 -32.9848

Value x39: (gtsam::Pose3)
R: [
	0.998258, 0.030154, 0.0507185;
	-0.0296298, 0.999499, -0.0110545;
	-0.0510265, 0.00953246, 0.998652
]
t: -1.31532 0.407065 -34.0258

Value x40: (gtsam::Pose3)
R: [
	0.998303, 0.0285403, 0.0507531;
	-0.0279759, 0.999539, -0.011797;
	-0.0510665, 0.0103571, 0.998642
]
t: -1.36893 0.416097 -35.0709

Value x41: (gtsam::Pose3)
R: [
	0.998178, 0.0304431, 0.0520861;
	-0.0297833, 0.999466, -0.0133985;
	-0.0524662, 0.0118228, 0.998553
]
t: -1.42742 0.406104 -36.1042

Value x42: (gtsam::Pose3)
R: [
	0.998165, 0.0302305, 0.052474;
	-0.0294113, 0.999435, -0.0163141;
	-0.0529375, 0.0147408, 0.998489
]
t: -1.49014 0.436781 -37.1397

Value x43: (gtsam::Pose3)
R: [
	0.998257, 0.0269336, 0.0525056;
	-0.0259715, 0.999483, -0.0189199;
	-0.0529881, 0.0175233, 0.998441
]
t: -1.49445  0.45615 -38.1653

Value x44: (gtsam::Pose3)
R: [
	0.998273, 0.0277729, 0.0517581;
	-0.0268606, 0.999473, -0.0182411;
	-0.0522375, 0.0168194, 0.998493
]
t: -1.50388 0.487009 -39.1897

Value x45: (gtsam::Pose3)
R: [
	0.998324, 0.0255679, 0.0519142;
	-0.0247294, 0.999554, -0.0167321;
	-0.0523189, 0.0154203, 0.998511
]
t: -1.59354 0.544016 -40.1967

Value x46: (gtsam::Pose3)
R: [
	0.998225, 0.0249746, 0.0540674;
	-0.0242523, 0.999608, -0.0139737;
	-0.0543951, 0.0126377, 0.998439
]
t: -1.66553 0.551104 -41.2019

Value x47: (gtsam::Pose3)
R: [
	0.998266, 0.0251724, 0.0531947;
	-0.0244804, 0.999608, -0.0136209;
	-0.0535167, 0.0122951, 0.998491
]
t: -1.65661 0.565649 -42.2055

Value x48: (gtsam::Pose3)
R: [
	0.998143, 0.0270798, 0.054562;
	-0.0263148, 0.999545, -0.0146902;
	-0.0549351, 0.0132271, 0.998403
]
t:  -1.7138 0.588024 -43.2053

Value x49: (gtsam::Pose3)
R: [
	0.998124, 0.0269775, 0.0549615;
	-0.0261722, 0.99954, -0.0153197;
	-0.0553494, 0.0138525, 0.998371
]
t:  -1.7241 0.599197 -44.2028

Value x50: (gtsam::Pose3)
R: [
	0.998206, 0.0267137, 0.0535755;
	-0.0261922, 0.999603, -0.0104137;
	-0.0538324, 0.00899173, 0.998509
]
t: -1.70964 0.581251 -45.1915

Value x51: (gtsam::Pose3)
R: [
	0.997861, 0.0304745, 0.0578364;
	-0.0301263, 0.999522, -0.00688273;
	-0.0580184, 0.00512557, 0.998302
]
t: -1.80289 0.583657 -46.1677

Value x52: (gtsam::Pose3)
R: [
	0.997628, 0.030181, 0.0618753;
	-0.0299004, 0.999538, -0.00545541;
	-0.0620114, 0.00359234, 0.998069
]
t: -1.91072 0.601902 -47.1461

Value x53: (gtsam::Pose3)
R: [
	0.99775, 0.0298423, 0.0600303;
	-0.0293825, 0.999532, -0.00852751;
	-0.0602567, 0.00674449, 0.99816
]
t: -1.90809 0.618018 -48.1295

Value x54: (gtsam::Pose3)
R: [
	0.997651, 0.032609, 0.0602509;
	-0.0319048, 0.999411, -0.0126134;
	-0.0606267, 0.0106614, 0.998104
]
t: -1.97329 0.660571 -49.1056

Value x55: (gtsam::Pose3)
R: [
	0.997589, 0.0339255, 0.0605461;
	-0.0331119, 0.999348, -0.0143909;
	-0.0609948, 0.0123514, 0.998061
]
t: -2.03341 0.712708 -50.0749

Value x56: (gtsam::Pose3)
R: [
	0.997505, 0.034283, 0.0617192;
	-0.033496, 0.999344, -0.013741;
	-0.0621497, 0.0116394, 0.997999
]
t: -2.14364 0.777365 -51.0318

Value x57: (gtsam::Pose3)
R: [
	0.997381, 0.0363965, 0.0625097;
	-0.0356605, 0.999281, -0.0128504;
	-0.0629325, 0.0105876, 0.997962
]
t: -2.20677 0.826353 -51.9944

Value x58: (gtsam::Pose3)
R: [
	0.99724, 0.0370942, 0.0643133;
	-0.0363437, 0.999257, -0.0128007;
	-0.0647404, 0.010428, 0.997847
]
t: -2.27984 0.839789 -52.9525

Value x59: (gtsam::Pose3)
R: [
	0.997055, 0.0398548, 0.065514;
	-0.0387963, 0.999096, -0.0173508;
	-0.0661463, 0.014758, 0.9977
]
t: -2.33715 0.869673 -53.9146

Value x60: (gtsam::Pose3)
R: [
	0.99692, 0.0383776, 0.0683908;
	-0.0369108, 0.999063, -0.0225842;
	-0.0691933, 0.0199903, 0.997402
]
t:  -2.4904 0.947885 -54.8632

Value x61: (gtsam::Pose3)
R: [
	0.996893, 0.0359881, 0.0700566;
	-0.0342512, 0.999079, -0.0258381;
	-0.0709219, 0.0233583, 0.997208
]
t: -2.54817  1.01169 -55.8136

Value x62: (gtsam::Pose3)
R: [
	0.996892, 0.0340131, 0.0710556;
	-0.0325118, 0.999225, -0.0221792;
	-0.0717548, 0.0198001, 0.997225
]
t: -2.60017   1.0622 -56.7545

Value x63: (gtsam::Pose3)
R: [
	0.996777, 0.0338557, 0.0727251;
	-0.0328286, 0.999345, -0.0152727;
	-0.0731945, 0.012836, 0.997235
]
t: -2.68819   1.0967  -57.677

Value x64: (gtsam::Pose3)
R: [
	0.996926, 0.0311624, 0.0718912;
	-0.0304715, 0.999479, -0.0106874;
	-0.0721868, 0.00846392, 0.997355
]
t: -2.70752  1.13501 -58.5936

Value x65: (gtsam::Pose3)
R: [
	0.996864, 0.0258255, 0.0747923;
	-0.0250909, 0.999627, -0.0107452;
	-0.0750419, 0.00883488, 0.997141
]
t: -2.80814  1.15958 -59.5014

Value x66: (gtsam::Pose3)
R: [
	0.996839, 0.0229721, 0.0760579;
	-0.0220206, 0.999669, -0.0133256;
	-0.0763387, 0.0116086, 0.997014
]
t: -2.83156  1.19923 -60.4019

Value x67: (gtsam::Pose3)
R: [
	0.996763, 0.0220598, 0.0773106;
	-0.0210058, 0.999675, -0.0144194;
	-0.0776036, 0.0127488, 0.996902
]
t: -2.87132  1.19816 -61.2869

Value x68: (gtsam::Pose3)
R: [
	0.996868, 0.0198313, 0.076563;
	-0.0188121, 0.999724, -0.0140101;
	-0.0768199, 0.0125259, 0.996967
]
t: -2.88724   1.2311  -62.158

Value x69: (gtsam::Pose3)
R: [
	0.996809, 0.0188665, 0.0775629;
	-0.0178401, 0.999745, -0.0139042;
	-0.0778053, 0.0124761, 0.99689
]
t: -2.94506  1.23022 -63.0141

Value x70: (gtsam::Pose3)
R: [
	0.996795, 0.0182727, 0.0778864;
	-0.0171566, 0.999741, -0.0149752;
	-0.0781398, 0.0135909, 0.99685
]
t: -2.97821  1.24844 -63.8595

Value x71: (gtsam::Pose3)
R: [
	0.99674, 0.0181681, 0.0786136;
	-0.0169982, 0.999735, -0.0155265;
	-0.0788749, 0.0141396, 0.996784
]
t: -3.03961   1.2902 -64.6879

Value x72: (gtsam::Pose3)
R: [
	0.996783, 0.0193507, 0.0777723;
	-0.0182091, 0.999716, -0.0153618;
	-0.0780475, 0.0138962, 0.996853
]
t: -2.98208  1.27542 -65.5054

Value x73: (gtsam::Pose3)
R: [
	0.996675, 0.0165865, 0.0797634;
	-0.0152263, 0.999729, -0.0176319;
	-0.0800343, 0.0163588, 0.996658
]
t: -3.03226  1.29725  -66.311

Value x74: (gtsam::Pose3)
R: [
	0.996726, 0.0148942, 0.0794628;
	-0.0131672, 0.999666, -0.0222142;
	-0.0797671, 0.0210952, 0.99659
]
t: -3.05089  1.35293 -67.1059

Value x75: (gtsam::Pose3)
R: [
	0.996606, 0.0121361, 0.0814208;
	-0.0102011, 0.999657, -0.024138;
	-0.0816857, 0.0232254, 0.996387
]
t: -3.10652  1.38617 -67.8826

Value x76: (gtsam::Pose3)
R: [
	0.996629, 0.00846823, 0.081606;
	-0.00683088, 0.99977, -0.0203216;
	-0.0817594, 0.0196956, 0.996458
]
t: -3.14828  1.42918 -68.6369

Value x77: (gtsam::Pose3)
R: [
	0.996585, 0.007969, 0.0821925;
	-0.00688051, 0.999885, -0.0135173;
	-0.0822907, 0.0129056, 0.996525
]
t: -3.19228  1.47081 -69.3683

Value x78: (gtsam::Pose3)
R: [
	0.996375, 0.00869113, 0.0846212;
	-0.00819328, 0.999947, -0.00622822;
	-0.0846708, 0.00551229, 0.996394
]
t:  -3.2746  1.46122 -70.0795

Value x79: (gtsam::Pose3)
R: [
	0.996301, 0.00820268, 0.0855471;
	-0.00780593, 0.999957, -0.00497173;
	-0.0855841, 0.00428553, 0.996322
]
t: -3.34908  1.46254 -70.7738

Value x80: (gtsam::Pose3)
R: [
	0.9965, 0.0049049, 0.0834396;
	-0.00411417, 0.999945, -0.00964612;
	-0.0834823, 0.00926902, 0.996466
]
t: -3.32374  1.51156 -71.4517

Value x81: (gtsam::Pose3)
R: [
	0.996528, 0.00565558, 0.0830714;
	-0.00459899, 0.999906, -0.0129052;
	-0.0831366, 0.0124783, 0.99646
]
t: -3.36279  1.55118 -72.1092

Value x82: (gtsam::Pose3)
R: [
	0.996413, 0.00857039, 0.084188;
	-0.0076792, 0.999911, -0.0109035;
	-0.084274, 0.0102178, 0.99639
]
t: -3.44066  1.59969 -72.7364

Value x83: (gtsam::Pose3)
R: [
	0.996181, 0.0158727, 0.0858592;
	-0.015649, 0.999872, -0.00327738;
	-0.0859002, 0.00192125, 0.996302
]
t: -3.53199  1.54253 -73.3411

Value x84: (gtsam::Pose3)
R: [
	0.996307, 0.0191465, 0.083696;
	-0.0194803, 0.999805, 0.00317327;
	-0.083619, -0.00479197, 0.996486
]
t: -3.56919  1.49899 -73.9351

Value x85: (gtsam::Pose3)
R: [
	0.996482, 0.0175697, 0.0819417;
	-0.0179125, 0.999833, 0.00344912;
	-0.0818675, -0.00490472, 0.996631
]
t: -3.61597  1.50322 -74.5176

Value x86: (gtsam::Pose3)
R: [
	0.996994, 0.0138663, 0.0762188;
	-0.0139696, 0.999902, 0.000822058;
	-0.0762, -0.00188437, 0.997091
]
t:  -3.6102  1.50581 -75.0902

Value x87: (gtsam::Pose3)
R: [
	0.997271, 0.0160257, 0.0720726;
	-0.0159936, 0.999872, -0.00102204;
	-0.0720797, -0.000133482, 0.997399
]
t: -3.62222  1.49746  -75.647

Value x88: (gtsam::Pose3)
R: [
	0.997484, 0.0216652, 0.0674987;
	-0.0213735, 0.999759, -0.00504023;
	-0.0675917, 0.00358484, 0.997706
]
t: -3.68693  1.49823 -76.1872

Value x89: (gtsam::Pose3)
R: [
	0.997952, 0.0266622, 0.05815;
	-0.0261888, 0.999618, -0.00888821;
	-0.0583648, 0.00734713, 0.998268
]
t: -3.71007  1.51569 -76.7184

Value x90: (gtsam::Pose3)
R: [
	0.998535, 0.0232452, 0.0488608;
	-0.0229026, 0.999709, -0.00755955;
	-0.0490224, 0.00642945, 0.998777
]
t: -3.74463  1.51165 -77.2298

Value x91: (gtsam::Pose3)
R: [
	0.999178, 0.0188209, 0.0359262;
	-0.0185871, 0.999804, -0.00683243;
	-0.0360478, 0.00615912, 0.999331
]
t: -3.81937  1.52367 -77.7261

Value x92: (gtsam::Pose3)
R: [
	0.999739, 0.0133965, 0.0185041;
	-0.0132691, 0.999887, -0.00698854;
	-0.0185956, 0.00674121, 0.999804
]
t:   -3.856   1.5228 -78.2129

Value x93: (gtsam::Pose3)
R: [
	0.999879, 0.0156056, 0.000208006;
	-0.0156043, 0.999866, -0.00485328;
	-0.000283717, 0.00484944, 0.999988
]
t: -3.90539  1.48296 -78.6833

Value x94: (gtsam::Pose3)
R: [
	0.999599, 0.0188899, -0.0211306;
	-0.0190138, 0.999803, -0.00567342;
	0.0210192, 0.00607291, 0.99976
]
t: -4.00167  1.48559 -79.1334

Value x95: (gtsam::Pose3)
R: [
	0.998738, 0.0197044, -0.0461999;
	-0.0200541, 0.999774, -0.00711666;
	0.0460493, 0.00803418, 0.998907
]
t: -4.08925  1.48785 -79.5798

Value x96: (gtsam::Pose3)
R: [
	0.996448, 0.0193436, -0.0819617;
	-0.0201135, 0.999761, -0.00857837;
	0.081776, 0.0101964, 0.996598
]
t: -4.01391  1.49744 -80.0236

Value x97: (gtsam::Pose3)
R: [
	0.992488, 0.0188609, -0.120881;
	-0.0202012, 0.999747, -0.00987221;
	0.120664, 0.01224, 0.992618
]
t: -3.98691  1.51315 -80.4601

Value x98: (gtsam::Pose3)
R: [
	0.986154, 0.0178075, -0.164876;
	-0.0198514, 0.999745, -0.0107577;
	0.164642, 0.0138818, 0.986255
]
t: -3.93499  1.53015 -80.8954

Value x99: (gtsam::Pose3)
R: [
	0.976849, 0.0177875, -0.213189;
	-0.0206524, 0.999724, -0.0112186;
	0.21293, 0.0153617, 0.976946
]
t: -3.84958  1.54172 -81.3186

Value x100: (gtsam::Pose3)
R: [
	0.965465, 0.0155908, -0.260063;
	-0.0186303, 0.999784, -0.00922638;
	0.259863, 0.0137528, 0.965548
]
t:  -3.8076  1.53347 -81.7296

Value x101: (gtsam::Pose3)
R: [
	0.94922, 0.0133807, -0.314328;
	-0.0163385, 0.999843, -0.006777;
	0.314187, 0.0115685, 0.94929
]
t: -3.71845  1.53936 -82.1365

Value x102: (gtsam::Pose3)
R: [
	0.929717, 0.0139413, -0.36801;
	-0.0174337, 0.999829, -0.00616666;
	0.367861, 0.012149, 0.929802
]
t: -3.64573  1.56157 -82.5261

Value x103: (gtsam::Pose3)
R: [
	0.906401, 0.014038, -0.422186;
	-0.0177966, 0.999829, -0.00496259;
	0.422044, 0.0120115, 0.906496
]
t: -3.57421   1.5712 -82.9228

Value x104: (gtsam::Pose3)
R: [
	0.876494, 0.0155396, -0.481162;
	-0.019511, 0.999804, -0.0032518;
	0.481018, 0.0122382, 0.876625
]
t: -3.42906  1.57396 -83.2921

Value x105: (gtsam::Pose3)
R: [
	0.844203, 0.0189947, -0.535686;
	-0.0234742, 0.999723, -0.00154488;
	0.535509, 0.013879, 0.844416
]
t: -3.31386  1.59886  -83.652

Value x106: (gtsam::Pose3)
R: [
	0.809524, 0.0197003, -0.586757;
	-0.023768, 0.999718, 0.000773773;
	0.586606, 0.0133196, 0.809763
]
t: -3.18718  1.58791 -84.0178

Value x107: (gtsam::Pose3)
R: [
	0.76973, 0.0201351, -0.638051;
	-0.0258234, 0.999666, 0.000393799;
	0.637846, 0.0161735, 0.769994
]
t: -2.99585  1.59619 -84.3385

Value x108: (gtsam::Pose3)
R: [
	0.728684, 0.0170213, -0.684639;
	-0.0270083, 0.999628, -0.00389351;
	0.684317, 0.0213281, 0.728872
]
t: -2.80038  1.61925 -84.6731

Value x109: (gtsam::Pose3)
R: [
	0.684419, 0.0156709, -0.72892;
	-0.0300026, 0.999528, -0.00668231;
	0.728471, 0.026443, 0.684566
]
t: -2.57071  1.65405 -84.9783

Value x110: (gtsam::Pose3)
R: [
	0.633891, 0.0176753, -0.773221;
	-0.0319865, 0.999483, -0.00337513;
	0.772761, 0.026872, 0.634128
]
t: -2.28288  1.66293 -85.2202

Value x111: (gtsam::Pose3)
R: [
	0.589075, 0.0242775, -0.807714;
	-0.0357342, 0.999353, 0.00397634;
	0.807288, 0.0265207, 0.589562
]
t: -2.04196   1.6608 -85.5145

Value x112: (gtsam::Pose3)
R: [
	0.542926, 0.0211729, -0.839514;
	-0.0334124, 0.999435, 0.00359794;
	0.839116, 0.0260968, 0.543326
]
t: -1.76995  1.66139 -85.7667

Value x113: (gtsam::Pose3)
R: [
	0.495909, 0.016098, -0.868226;
	-0.0311329, 0.999515, 0.000749905;
	0.867816, 0.0266585, 0.496169
]
t:  -1.4721  1.66318 -86.0031

Value x114: (gtsam::Pose3)
R: [
	0.449684, 0.0133604, -0.893088;
	-0.0302958, 0.999541, -0.000301463;
	0.892674, 0.0271924, 0.449882
]
t: -1.14838  1.68451 -86.2032

Value x115: (gtsam::Pose3)
R: [
	0.40434, 0.0186892, -0.914417;
	-0.0339896, 0.999407, 0.00539664;
	0.913977, 0.0288986, 0.404736
]
t: -0.814693    1.7011  -86.3767

Value x116: (gtsam::Pose3)
R: [
	0.36381, 0.0300939, -0.930987;
	-0.0411289, 0.999022, 0.0162208;
	0.930564, 0.0323891, 0.364691
]
t: -0.483478   1.70869  -86.5795

Value x117: (gtsam::Pose3)
R: [
	0.324634, 0.0324855, -0.945282;
	-0.04321, 0.998876, 0.0194879;
	0.944852, 0.0345193, 0.325672
]
t: -0.12059   1.6837 -86.7074

Value x118: (gtsam::Pose3)
R: [
	0.292134, 0.0287442, -0.955945;
	-0.040254, 0.999032, 0.0177383;
	0.955529, 0.0332987, 0.293009
]
t:  0.23129   1.6935 -86.8651

Value x119: (gtsam::Pose3)
R: [
	0.260135, 0.0167642, -0.965427;
	-0.0325974, 0.999431, 0.00857125;
	0.965022, 0.0292407, 0.260533
]
t:  0.60658  1.68897 -86.9657

Value x120: (gtsam::Pose3)
R: [
	0.230763, 0.0109671, -0.972948;
	-0.0281036, 0.999595, 0.00460189;
	0.972604, 0.0262814, 0.230977
]
t: 0.989075  1.69844 -87.0583

Value x121: (gtsam::Pose3)
R: [
	0.20582, 0.00941275, -0.978545;
	-0.0267799, 0.999633, 0.00398287;
	0.978223, 0.0253856, 0.205996
]
t:  1.37499  1.71389 -87.1774

Value x122: (gtsam::Pose3)
R: [
	0.181113, 0.017226, -0.983311;
	-0.025049, 0.999604, 0.0128977;
	0.983143, 0.0222951, 0.181472
]
t:  1.77744  1.70692 -87.2623

Value x123: (gtsam::Pose3)
R: [
	0.160248, 0.0255705, -0.986745;
	-0.0182351, 0.99957, 0.0229414;
	0.986908, 0.0143171, 0.160645
]
t:  2.19151  1.67908 -87.3499

Value x124: (gtsam::Pose3)
R: [
	0.14099, 0.0264585, -0.989658;
	-0.0112052, 0.999621, 0.0251286;
	0.989948, 0.00754637, 0.141233
]
t:  2.60746  1.65296 -87.4541

Value x125: (gtsam::Pose3)
R: [
	0.122873, 0.0229189, -0.992158;
	-0.0108829, 0.999704, 0.0217454;
	0.992363, 0.0081256, 0.123085
]
t:  3.05211  1.64619 -87.5254

Value x126: (gtsam::Pose3)
R: [
	0.10274, 0.0199778, -0.994507;
	-0.0142698, 0.999725, 0.0186084;
	0.994606, 0.0122796, 0.102997
]
t:  3.52014  1.63582 -87.5411

Value x127: (gtsam::Pose3)
R: [
	0.0888798, 0.0162322, -0.99591;
	-0.0175455, 0.999738, 0.0147287;
	0.995888, 0.0161646, 0.0891417
]
t: 3.99092 1.65178 -87.606

Value x128: (gtsam::Pose3)
R: [
	0.0763809, 0.0170596, -0.996933;
	-0.0191684, 0.999694, 0.0156382;
	0.996894, 0.0179153, 0.0766839
]
t:  4.47506  1.64685 -87.6659

Value x129: (gtsam::Pose3)
R: [
	0.0647608, 0.0231065, -0.997634;
	-0.0200297, 0.99956, 0.021851;
	0.9977, 0.0185672, 0.0651951
]
t: 4.97096 1.62974 -87.711

Value x130: (gtsam::Pose3)
R: [
	0.054807, 0.0236057, -0.998218;
	-0.0198766, 0.999548, 0.0225458;
	0.998299, 0.0186055, 0.0552515
]
t:   5.4841   1.6325 -87.7558

Value x131: (gtsam::Pose3)
R: [
	0.0453949, 0.0255732, -0.998642;
	-0.0180404, 0.99953, 0.0247759;
	0.998807, 0.0168911, 0.045835
]
t:  6.01365  1.60785 -87.7792

Value x132: (gtsam::Pose3)
R: [
	0.0388784, 0.0261545, -0.998901;
	-0.0168154, 0.999533, 0.0255166;
	0.999102, 0.0158049, 0.0393001
]
t:   6.5594  1.58439 -87.7847

Value x133: (gtsam::Pose3)
R: [
	0.0342438, 0.026349, -0.999066;
	-0.0157461, 0.999543, 0.0258219;
	0.999289, 0.0148471, 0.0346431
]
t: 7.12173 1.58258  -87.83

Value x134: (gtsam::Pose3)
R: [
	0.0281091, 0.0266291, -0.99925;
	-0.013955, 0.999558, 0.0262447;
	0.999508, 0.0132068, 0.0284683
]
t:   7.7053  1.55901 -87.8462

Value x135: (gtsam::Pose3)
R: [
	0.0242234, 0.0287285, -0.999293;
	-0.0139236, 0.9995, 0.028397;
	0.999609, 0.0132259, 0.0246113
]
t:  8.30853  1.55299 -87.8562

Value x136: (gtsam::Pose3)
R: [
	0.0212457, 0.0313762, -0.999282;
	-0.013623, 0.999424, 0.031091;
	0.999681, 0.0129527, 0.0216608
]
t:  8.92671  1.53511 -87.8937

Value x137: (gtsam::Pose3)
R: [
	0.0179007, 0.0313645, -0.999348;
	-0.0132309, 0.999427, 0.03113;
	0.999753, 0.012665, 0.0183054
]
t:  9.56601  1.50989 -87.9022

Value x138: (gtsam::Pose3)
R: [
	0.0162101, 0.0342363, -0.999283;
	-0.0143344, 0.999319, 0.034005;
	0.999766, 0.0137729, 0.0166898
]
t:  10.2204  1.49844 -87.9302

Value x139: (gtsam::Pose3)
R: [
	0.0157949, 0.039401, -0.999099;
	-0.0155222, 0.999113, 0.0391562;
	0.999754, 0.0148898, 0.0163924
]
t: 10.8939 1.48901 -87.953

Value x140: (gtsam::Pose3)
R: [
	0.0164277, 0.0436988, -0.998909;
	-0.0160763, 0.998927, 0.0434352;
	0.999736, 0.0153452, 0.0171127
]
t:  11.5795  1.45509 -87.9502

Value x141: (gtsam::Pose3)
R: [
	0.0176098, 0.0466331, -0.998757;
	-0.016166, 0.998795, 0.0463499;
	0.999714, 0.0153297, 0.0183424
]
t: 12.2865 1.42712 -87.948

Value x142: (gtsam::Pose3)
R: [
	0.0222022, 0.0491114, -0.998546;
	-0.0153455, 0.998692, 0.0487773;
	0.999636, 0.0142403, 0.0229267
]
t:  13.0064  1.37504 -87.9979

Value x143: (gtsam::Pose3)
R: [
	0.0283185, 0.0507952, -0.998308;
	-0.0161832, 0.9986, 0.0503511;
	0.999468, 0.0147299, 0.0291009
]
t:  13.7443  1.34462 -88.0322

Value x144: (gtsam::Pose3)
R: [
	0.0307246, 0.0503631, -0.998259;
	-0.0175845, 0.998602, 0.0498393;
	0.999373, 0.0160225, 0.0315672
]
t:  14.5029  1.31303 -88.0169

Value x145: (gtsam::Pose3)
R: [
	0.0356597, 0.0495683, -0.998134;
	-0.0200768, 0.998603, 0.0488743;
	0.999163, 0.0182964, 0.036605
]
t:  15.2746  1.29701 -88.0357

Value x146: (gtsam::Pose3)
R: [
	0.0391433, 0.0449694, -0.998222;
	-0.0222137, 0.998779, 0.0441234;
	0.998987, 0.020447, 0.0400945
]
t:  16.0625  1.27659 -88.0392

Value x147: (gtsam::Pose3)
R: [
	0.044528, 0.0421206, -0.99812;
	-0.0240418, 0.998866, 0.0410797;
	0.998719, 0.0221674, 0.0454903
]
t:  16.8532  1.28637 -88.1261

Value x148: (gtsam::Pose3)
R: [
	0.0490276, 0.0385015, -0.998055;
	-0.0239172, 0.999016, 0.0373635;
	0.998511, 0.0220389, 0.0499002
]
t:  17.6543  1.28714 -88.1887

Value x149: (gtsam::Pose3)
R: [
	0.0490277, 0.0385014, -0.998055;
	-0.0239172, 0.999016, 0.0373636;
	0.998511, 0.0220389, 0.0499002
]
t:  17.6543  1.28714 -88.1887

Value x150: (gtsam::Pose3)
R: [
	0.0493874, 0.0303444, -0.998319;
	-0.0195956, 0.999376, 0.0294071;
	0.998588, 0.0181103, 0.0499512
]
t:   18.465  1.28807 -88.1814

Value x151: (gtsam::Pose3)
R: [
	0.0513844, 0.0286987, -0.998266;
	-0.0167102, 0.999472, 0.0278732;
	0.998539, 0.015249, 0.0518368
]
t:  19.2776   1.2594 -88.2476

Value x152: (gtsam::Pose3)
R: [
	0.0504855, 0.0338516, -0.998151;
	-0.0144932, 0.999345, 0.033159;
	0.99862, 0.0127924, 0.0509431
]
t:  20.0914  1.16431 -88.2153

Value x153: (gtsam::Pose3)
R: [
	0.0523806, 0.0311067, -0.998142;
	-0.0161205, 0.99941, 0.0303002;
	0.998497, 0.0145034, 0.0528512
]
t:  20.9091  1.14558 -88.2807

Value x154: (gtsam::Pose3)
R: [
	0.0544092, 0.0338047, -0.997947;
	-0.0165831, 0.99932, 0.0329471;
	0.998381, 0.0147564, 0.0549328
]
t:  21.7234  1.11158 -88.3623

Value x155: (gtsam::Pose3)
R: [
	0.0551015, 0.0310627, -0.997997;
	-0.0194088, 0.99936, 0.0300335;
	0.998292, 0.017715, 0.0556692
]
t:  22.5423  1.12824 -88.3874

Value x156: (gtsam::Pose3)
R: [
	0.0554551, 0.0292777, -0.998032;
	-0.0176609, 0.999442, 0.0283378;
	0.998305, 0.0160547, 0.0559412
]
t:  23.3584  1.10131 -88.4242

Value x157: (gtsam::Pose3)
R: [
	0.0552429, 0.0264694, -0.998122;
	-0.0174101, 0.999522, 0.025543;
	0.998321, 0.0159663, 0.0556774
]
t:  24.1705  1.08997 -88.4817

Value x158: (gtsam::Pose3)
R: [
	0.054456, 0.0278714, -0.998127;
	-0.0153598, 0.999516, 0.0270721;
	0.998398, 0.0138568, 0.0548577
]
t:  24.9814  1.03677 -88.4856

Value x159: (gtsam::Pose3)
R: [
	0.0524291, 0.0243616, -0.998327;
	-0.0150368, 0.999609, 0.0236031;
	0.998512, 0.0137742, 0.0527749
]
t:  25.7895  1.03063 -88.5794

Value x160: (gtsam::Pose3)
R: [
	0.0479244, 0.0204008, -0.998642;
	-0.0164216, 0.999673, 0.0196338;
	0.998716, 0.0154584, 0.0482438
]
t:   26.601  1.02613 -88.6045

Value x161: (gtsam::Pose3)
R: [
	0.0444207, 0.0186489, -0.998839;
	-0.0189522, 0.999662, 0.0178214;
	0.998833, 0.0181384, 0.044759
]
t:  27.4124  1.02739 -88.6665

Value x162: (gtsam::Pose3)
R: [
	0.0400724, 0.0156668, -0.999073;
	-0.0203894, 0.999682, 0.0148586;
	0.998989, 0.0197752, 0.0403792
]
t:  28.2237   1.0235 -88.7199

Value x163: (gtsam::Pose3)
R: [
	0.0330856, 0.0150798, -0.999338;
	-0.0204737, 0.999686, 0.0144072;
	0.999243, 0.0199835, 0.033384
]
t:  29.0313  1.02328 -88.7459

Value x164: (gtsam::Pose3)
R: [
	0.0244254, 0.0133682, -0.999613;
	-0.0192228, 0.999732, 0.0129001;
	0.999517, 0.0189002, 0.0246758
]
t:  29.8337  1.01592 -88.7595

Value x165: (gtsam::Pose3)
R: [
	0.0146003, 0.0148651, -0.999783;
	-0.0181033, 0.99973, 0.0146;
	0.99973, 0.0178862, 0.0148655
]
t:  30.6354 0.998689 -88.7734

Value x166: (gtsam::Pose3)
R: [
	0.00632718, 0.0170481, -0.999835;
	-0.0204606, 0.999648, 0.0169155;
	0.999771, 0.0203502, 0.00667384
]
t: 31.4329 1.00058 -88.805

Value x167: (gtsam::Pose3)
R: [
	-0.00356344, 0.0163068, -0.999861;
	-0.0217476, 0.99963, 0.0163805;
	0.999757, 0.021803, -0.00320748
]
t:  32.2237  1.00161 -88.8618

Value x168: (gtsam::Pose3)
R: [
	-0.0147934, 0.0174126, -0.999739;
	-0.0230808, 0.999576, 0.0177512;
	0.999624, 0.0233374, -0.0143852
]
t:  33.0161  1.00811 -88.8647

Value x169: (gtsam::Pose3)
R: [
	-0.0242621, 0.0179747, -0.999544;
	-0.0229606, 0.999565, 0.0185324;
	0.999442, 0.0233997, -0.0238388
]
t:  33.8034   1.0143 -88.8715

Value x170: (gtsam::Pose3)
R: [
	-0.0347425, 0.017189, -0.999249;
	-0.0220537, 0.999596, 0.0179617;
	0.999153, 0.0226612, -0.0343494
]
t:  34.5838  1.00576 -88.8664

Value x171: (gtsam::Pose3)
R: [
	-0.0456033, 0.0173947, -0.998808;
	-0.0221092, 0.999586, 0.0184178;
	0.998715, 0.0229227, -0.0451999
]
t:  35.3595  1.01051 -88.8335

Value x172: (gtsam::Pose3)
R: [
	-0.0540641, 0.0184559, -0.998367;
	-0.0218324, 0.999568, 0.0196604;
	0.998299, 0.0228597, -0.0536378
]
t:  36.1292  1.02435 -88.8329

Value x173: (gtsam::Pose3)
R: [
	-0.0665487, 0.0179124, -0.997622;
	-0.0219736, 0.99957, 0.0194132;
	0.997541, 0.0232132, -0.0661265
]
t:   36.884  1.01603 -88.7302

Value x174: (gtsam::Pose3)
R: [
	-0.0756549, 0.0172224, -0.996986;
	-0.022333, 0.999571, 0.0189618;
	0.996884, 0.0237003, -0.0752378
]
t:   37.639  1.02361 -88.7337

Value x175: (gtsam::Pose3)
R: [
	-0.0856695, 0.0165101, -0.996187;
	-0.0221748, 0.999583, 0.0184734;
	0.996077, 0.0236728, -0.0852676
]
t: 38.3846 1.02262 -88.681

Value x176: (gtsam::Pose3)
R: [
	-0.0954085, 0.0158867, -0.995312;
	-0.0245365, 0.999531, 0.018306;
	0.995136, 0.026168, -0.0949739
]
t:  39.1199  1.04542 -88.5964

Value x177: (gtsam::Pose3)
R: [
	-0.102617, 0.0161837, -0.994589;
	-0.025716, 0.999491, 0.0189167;
	0.994389, 0.0275181, -0.102148
]
t:  39.8491  1.04185 -88.5225

Value x178: (gtsam::Pose3)
R: [
	-0.108161, 0.0164018, -0.993999;
	-0.0280595, 0.999415, 0.0195444;
	0.993737, 0.0300051, -0.107638
]
t:  40.5707  1.05958 -88.4646

Value x179: (gtsam::Pose3)
R: [
	-0.11266, 0.019883, -0.993435;
	-0.0294569, 0.999294, 0.0233408;
	0.993197, 0.0318931, -0.111995
]
t:  41.2858  1.05665 -88.3988

Value x180: (gtsam::Pose3)
R: [
	-0.116529, 0.0209858, -0.992966;
	-0.0306977, 0.999223, 0.0247206;
	0.992712, 0.0333625, -0.115794
]
t:  41.9853   1.0657 -88.3017

Value x181: (gtsam::Pose3)
R: [
	-0.124202, 0.0223936, -0.992004;
	-0.0303725, 0.999191, 0.0263586;
	0.991792, 0.0334034, -0.123422
]
t:  42.6429  1.02594 -88.0931

Value x182: (gtsam::Pose3)
R: [
	-0.124491, 0.025042, -0.991905;
	-0.0291123, 0.999159, 0.028879;
	0.991793, 0.0324718, -0.123657
]
t:  43.3152  1.00683 -88.0097

Value x183: (gtsam::Pose3)
R: [
	-0.123493, 0.0235029, -0.992067;
	-0.0291403, 0.999203, 0.0272993;
	0.991917, 0.0322804, -0.12271
]
t:   43.969  1.02734 -87.9221

Value x184: (gtsam::Pose3)
R: [
	-0.121834, 0.0248539, -0.992239;
	-0.0267207, 0.999242, 0.0283103;
	0.992191, 0.0299625, -0.121078
]
t:  44.6041  1.00468 -87.8219

Value x185: (gtsam::Pose3)
R: [
	-0.115484, 0.0255931, -0.99298;
	-0.0264065, 0.999235, 0.0288254;
	0.992959, 0.02955, -0.11472
]
t:  45.2251  1.00983 -87.7576

Value x186: (gtsam::Pose3)
R: [
	-0.107782, 0.0253478, -0.993851;
	-0.0249087, 0.999292, 0.028188;
	0.993863, 0.0277937, -0.107074
]
t:  45.8246 0.982375 -87.6812

Value x187: (gtsam::Pose3)
R: [
	-0.0971787, 0.0247875, -0.994959;
	-0.0240687, 0.999339, 0.0272475;
	0.994976, 0.0265952, -0.0965177
]
t:   46.404 0.960856 -87.6025

Value x188: (gtsam::Pose3)
R: [
	-0.0841809, 0.0230647, -0.996184;
	-0.022866, 0.999424, 0.025072;
	0.996188, 0.0248892, -0.0836051
]
t:  46.9633 0.949909 -87.5273

Value x189: (gtsam::Pose3)
R: [
	-0.0677281, 0.0209556, -0.997484;
	-0.0224533, 0.999494, 0.0225223;
	0.997451, 0.0239222, -0.0672234
]
t:   47.503 0.957291 -87.4613

Value x190: (gtsam::Pose3)
R: [
	-0.0456098, 0.0197858, -0.998763;
	-0.0192281, 0.999601, 0.0206806;
	0.998774, 0.0201476, -0.0452112
]
t:  48.0369 0.952855 -87.4177

Value x191: (gtsam::Pose3)
R: [
	-0.019843, 0.0189594, -0.999623;
	-0.0158531, 0.999689, 0.0192753;
	0.999677, 0.0162297, -0.0195362
]
t:   48.564 0.943826 -87.3859

Value x192: (gtsam::Pose3)
R: [
	0.00900169, 0.0174803, -0.999806;
	-0.0141958, 0.999749, 0.0173515;
	0.999858, 0.0140368, 0.00924756
]
t:  49.0874 0.938189 -87.3611

Value x193: (gtsam::Pose3)
R: [
	0.042152, 0.017258, -0.998963;
	-0.0143465, 0.999758, 0.0166664;
	0.999008, 0.013629, 0.0423894
]
t:  49.6121 0.929576 -87.3411

Value x194: (gtsam::Pose3)
R: [
	0.0777959, 0.0158784, -0.996842;
	-0.0163051, 0.99976, 0.0146524;
	0.996836, 0.0151138, 0.0780362
]
t:  50.1327 0.927066 -87.3023

Value x195: (gtsam::Pose3)
R: [
	0.122336, 0.0167896, -0.992347;
	-0.018971, 0.999714, 0.0145756;
	0.992308, 0.0170427, 0.12262
]
t:  50.6446 0.901736 -87.3434

Value x196: (gtsam::Pose3)
R: [
	0.168571, 0.0155233, -0.985567;
	-0.0233624, 0.999658, 0.0117494;
	0.985412, 0.0210445, 0.168876
]
t:  51.1564 0.901616 -87.3912

Value x197: (gtsam::Pose3)
R: [
	0.220652, 0.0138636, -0.975254;
	-0.0258069, 0.999631, 0.00837131;
	0.975011, 0.0233211, 0.220928
]
t:   51.666 0.896297 -87.4752

Value x198: (gtsam::Pose3)
R: [
	0.270542, 0.0131667, -0.962618;
	-0.0242744, 0.999681, 0.00685137;
	0.962402, 0.0215134, 0.270775
]
t:  52.1588 0.862742 -87.5339

Value x199: (gtsam::Pose3)
R: [
	0.329045, 0.0145626, -0.944202;
	-0.0237022, 0.999693, 0.00715849;
	0.944017, 0.0200241, 0.329289
]
t:  52.6374  0.85902 -87.6759

Value x200: (gtsam::Pose3)
R: [
	0.385228, 0.0184151, -0.922637;
	-0.021788, 0.999703, 0.0108562;
	0.922564, 0.0159202, 0.385516
]
t:  53.1141 0.845012 -87.8049

Value x201: (gtsam::Pose3)
R: [
	0.442584, 0.0197297, -0.896511;
	-0.0181587, 0.99975, 0.0130373;
	0.896544, 0.0105093, 0.442831
]
t:  53.5638 0.844819 -87.9263

Value x202: (gtsam::Pose3)
R: [
	0.505986, 0.0222871, -0.862254;
	-0.0147773, 0.999743, 0.0171693;
	0.862415, 0.00405434, 0.506185
]
t:  53.9886 0.849718   -88.15

Value x203: (gtsam::Pose3)
R: [
	0.562517, 0.018951, -0.826569;
	-0.00901162, 0.999818, 0.0167904;
	0.826737, -0.00199615, 0.562586
]
t:   54.407 0.829139 -88.3299

Value x204: (gtsam::Pose3)
R: [
	0.616991, 0.016848, -0.78679;
	-0.00591585, 0.999841, 0.0167712;
	0.786948, -0.00569325, 0.616994
]
t:  54.8354 0.821093 -88.5405

Value x205: (gtsam::Pose3)
R: [
	0.667715, 0.0154955, -0.744256;
	-0.00377764, 0.999841, 0.0174278;
	0.744408, -0.0088253, 0.667667
]
t:  55.2543 0.810659 -88.7667

Value x206: (gtsam::Pose3)
R: [
	0.716327, 0.0137265, -0.69763;
	-0.0027503, 0.999854, 0.016849;
	0.697759, -0.0101507, 0.71626
]
t:  55.6244 0.786828 -89.0258

Value x207: (gtsam::Pose3)
R: [
	0.762428, 0.0105645, -0.646986;
	-0.00392034, 0.999923, 0.0117076;
	0.647061, -0.00638993, 0.762412
]
t:  55.9759 0.782706 -89.3489

Value x208: (gtsam::Pose3)
R: [
	0.8043, 0.0102527, -0.594135;
	-0.00817508, 0.999947, 0.00618865;
	0.594167, -0.00012044, 0.804341
]
t:  56.3156 0.784774 -89.6851

Value x209: (gtsam::Pose3)
R: [
	0.841565, 0.00989733, -0.540066;
	-0.011711, 0.999931, 7.60743e-05;
	0.54003, 0.00626075, 0.841622
]
t:  56.6168 0.800035 -90.0287

Value x210: (gtsam::Pose3)
R: [
	0.872786, 0.00924467, -0.488017;
	-0.0136502, 0.999892, -0.00547124;
	0.487913, 0.0114368, 0.872817
]
t:  56.9124 0.801446 -90.4084

Value x211: (gtsam::Pose3)
R: [
	0.899281, 0.00789197, -0.4373;
	-0.0141033, 0.999841, -0.0109584;
	0.437144, 0.016022, 0.899249
]
t:  57.1738 0.816644 -90.8134

Value x212: (gtsam::Pose3)
R: [
	0.920447, 0.00505735, -0.390835;
	-0.01239, 0.999791, -0.0162421;
	0.390671, 0.0197924, 0.920318
]
t:  57.4028 0.846988 -91.2228

Value x213: (gtsam::Pose3)
R: [
	0.936057, -0.00158036, -0.351846;
	-0.00660487, 0.999735, -0.0220622;
	0.351788, 0.0229754, 0.935798
]
t:  57.6409 0.882543 -91.6505

Value x214: (gtsam::Pose3)
R: [
	0.948375, -0.0066536, -0.317084;
	2.07506e-05, 0.999781, -0.020917;
	0.317154, 0.0198305, 0.948167
]
t:  57.8408 0.873592 -92.0861

Value x215: (gtsam::Pose3)
R: [
	0.958582, -0.00719886, -0.284725;
	0.00172093, 0.999808, -0.0194851;
	0.284811, 0.018188, 0.958411
]
t:  57.9515  0.87293 -92.5651

Value x216: (gtsam::Pose3)
R: [
	0.964728, 0.00022058, -0.263248;
	-0.00499332, 0.999835, -0.0174615;
	0.2632, 0.0181601, 0.96457
]
t:  58.1206 0.894027 -93.0272

Value x217: (gtsam::Pose3)
R: [
	0.969076, 0.00693827, -0.246667;
	-0.0112199, 0.99981, -0.0159565;
	0.246509, 0.0182306, 0.968969
]
t:  58.2411 0.907784 -93.5082

Value x218: (gtsam::Pose3)
R: [
	0.972374, 0.00277338, -0.233413;
	-0.0066657, 0.999851, -0.0158889;
	0.233334, 0.0170057, 0.972247
]
t: 58.3929 0.92167 -93.992

Value x219: (gtsam::Pose3)
R: [
	0.974783, -0.00405319, -0.223122;
	1.58912e-05, 0.999836, -0.0180932;
	0.223158, 0.0176334, 0.974623
]
t:  58.5213 0.939035 -94.4938

Value x220: (gtsam::Pose3)
R: [
	0.976164, -0.0145447, -0.216546;
	0.0107725, 0.999769, -0.0185904;
	0.216766, 0.0158145, 0.976095
]
t:  58.6097 0.940655  -95.012

Value x221: (gtsam::Pose3)
R: [
	0.976942, -0.0179906, -0.212747;
	0.0150528, 0.999768, -0.0154209;
	0.212975, 0.0118629, 0.976985
]
t:   58.706 0.952111 -95.5392

Value x222: (gtsam::Pose3)
R: [
	0.97711, -0.0189695, -0.211888;
	0.016638, 0.999779, -0.0127808;
	0.212083, 0.00896286, 0.977211
]
t:  58.8254 0.967796 -96.0713

Value x223: (gtsam::Pose3)
R: [
	0.976954, -0.0169755, -0.212774;
	0.0157099, 0.999847, -0.00763754;
	0.212871, 0.0041188, 0.977072
]
t:  58.8543 0.956035  -96.627

Value x224: (gtsam::Pose3)
R: [
	0.976083, -0.0118193, -0.217076;
	0.0121533, 0.999926, 0.000203604;
	0.217058, -0.00283687, 0.976154
]
t:  59.0047 0.960503 -97.1716

Value x225: (gtsam::Pose3)
R: [
	0.975259, -0.0104449, -0.220818;
	0.0117463, 0.99992, 0.00458175;
	0.220753, -0.00706222, 0.975304
]
t:  59.1025 0.963263 -97.7401

Value x226: (gtsam::Pose3)
R: [
	0.974145, -0.0175095, -0.225243;
	0.0185344, 0.999826, 0.0024358;
	0.22516, -0.00654749, 0.974299
]
t:  59.2564 0.956979 -98.3168

Value x227: (gtsam::Pose3)
R: [
	0.972869, -0.0228424, -0.230228;
	0.0228575, 0.999735, -0.00260176;
	0.230227, -0.00273129, 0.973133
]
t:  59.4122 0.947337 -98.9055

Value x228: (gtsam::Pose3)
R: [
	0.972324, -0.0199973, -0.232778;
	0.0189904, 0.999798, -0.00656619;
	0.232862, 0.0019639, 0.972508
]
t:  59.5327 0.961304 -99.5175

Value x229: (gtsam::Pose3)
R: [
	0.971638, -0.01571, -0.235952;
	0.0134606, 0.999847, -0.0111414;
	0.236091, 0.00764946, 0.9717
]
t:  59.6603 0.978208 -100.137

Value x230: (gtsam::Pose3)
R: [
	0.970722, -0.0143905, -0.239775;
	0.010791, 0.999808, -0.0163179;
	0.239964, 0.0132527, 0.970691
]
t:  59.8299  1.00147 -100.761

Value x231: (gtsam::Pose3)
R: [
	0.970102, -0.00980477, -0.2425;
	0.00634464, 0.999867, -0.0150457;
	0.242616, 0.0130573, 0.970034
]
t:  59.9796  1.00089 -101.396

Value x232: (gtsam::Pose3)
R: [
	0.970482, -0.00630307, -0.241091;
	0.00363715, 0.999928, -0.011501;
	0.241146, 0.0102846, 0.970434
]
t:  60.1028  1.02422 -102.046

Value x233: (gtsam::Pose3)
R: [
	0.970112, -0.00566169, -0.242589;
	0.00451504, 0.999976, -0.0052826;
	0.242612, 0.00402939, 0.970115
]
t:  60.3096  1.03714 -102.679

Value x234: (gtsam::Pose3)
R: [
	0.970783, -0.005578, -0.239894;
	0.00577952, 0.999983, 0.000136777;
	0.23989, -0.00151927, 0.970799
]
t:  60.4668  1.05094 -103.339

Value x235: (gtsam::Pose3)
R: [
	0.97109, -0.00780501, -0.238585;
	0.00885441, 0.999955, 0.00332699;
	0.238548, -0.00534338, 0.971116
]
t:  60.6637  1.04697 -104.004

Value x236: (gtsam::Pose3)
R: [
	0.971757, -0.0057031, -0.235914;
	0.00592984, 0.999982, 0.000251787;
	0.235909, -0.00164355, 0.971774
]
t:  60.8273  1.03722 -104.698

Value x237: (gtsam::Pose3)
R: [
	0.971965, -0.00447815, -0.235082;
	0.0029195, 0.999971, -0.0069776;
	0.235106, 0.0060957, 0.971951
]
t:  61.0224  1.05904 -105.402

Value x238: (gtsam::Pose3)
R: [
	0.972454, -0.00570531, -0.233023;
	0.00289669, 0.999919, -0.0123931;
	0.233074, 0.0113767, 0.972393
]
t:  61.2482  1.08596 -106.105

Value x239: (gtsam::Pose3)
R: [
	0.972952, -0.00674406, -0.230909;
	0.00406512, 0.999919, -0.0120756;
	0.230971, 0.0108103, 0.972901
]
t:  61.4172  1.10821 -106.828

Value x240: (gtsam::Pose3)
R: [
	0.973503, -0.00823613, -0.228526;
	0.00684668, 0.999953, -0.00687253;
	0.228572, 0.00512584, 0.973513
]
t:  61.6051  1.10507 -107.553

Value x241: (gtsam::Pose3)
R: [
	0.974435, -0.00890568, -0.224491;
	0.00875013, 0.99996, -0.00168778;
	0.224497, -0.000319656, 0.974475
]
t:  61.7898   1.1183 -108.292

